从drive中加载model，运行test,
输出每次分类的距离，
绘制图像

需要绘制出正确分类中，选择的距离/其他距离
错误分类中。选择的距离/其他距离

比如一组数据，5个类别，80个query样本
给出结果 
距离 dist [80,5],
分类的序号（0~4） max_index [80],
实际目标的序号（0~4） target [80]
怎么表现这种图
分两张曲线图，每张图中5条线，
一张图是分类正确的：一根线代表分类结果的dist，四根线代表其他类别的dist
一张图是分类错误的：多一根正确结果的dist

正确分类图形中：
正确结果：x,dist[x,target]
实际结果：x,dist[x,max_index]
将dist排序values,indices = torch.sort(dist,dim=1,descending=false)


(Pdb) print(max_index)
tensor([0, 3, 0, 0, 0, 0, 2, 0, 0, 2, 0, 0, 0, 2, 0, 0, 1, 1, 1, 1, 1, 1, 1, 1,
        1, 1, 1, 1, 1, 1, 1, 1, 0, 0, 2, 2, 2, 2, 2, 3, 2, 2, 4, 3, 3, 3, 2, 3,
        2, 3, 2, 4, 2, 3, 0, 4, 0, 2, 3, 3, 4, 3, 3, 3, 4, 4, 4, 4, 4, 4, 0, 4,
        4, 4, 4, 4, 4, 4, 4, 4], device='cuda:0')

(Pdb) print(target)
tensor([0, 0, 0, 0, 0, 0, 0, 0, 0, 0, 0, 0, 0, 0, 0, 0, 1, 1, 1, 1, 1, 1, 1, 1,
        1, 1, 1, 1, 1, 1, 1, 1, 2, 2, 2, 2, 2, 2, 2, 2, 2, 2, 2, 2, 2, 2, 2, 2,
        3, 3, 3, 3, 3, 3, 3, 3, 3, 3, 3, 3, 3, 3, 3, 3, 4, 4, 4, 4, 4, 4, 4, 4,
        4, 4, 4, 4, 4, 4, 4, 4], device='cuda:0')